(kicad_pcb (version 20171130) (host pcbnew 5.1.5)

  (general
    (thickness 1.6)
    (drawings 11)
    (tracks 4195)
    (zones 0)
    (modules 288)
    (nets 186)
  )

  (page A4)
  (layers
    (0 F.Cu signal)
    (31 B.Cu signal)
    (32 B.Adhes user)
    (33 F.Adhes user)
    (34 B.Paste user)
    (35 F.Paste user)
    (36 B.SilkS user)
    (37 F.SilkS user)
    (38 B.Mask user)
    (39 F.Mask user)
    (40 Dwgs.User user hide)
    (41 Cmts.User user)
    (42 Eco1.User user)
    (43 Eco2.User user)
    (44 Edge.Cuts user)
    (45 Margin user)
    (46 B.CrtYd user hide)
    (47 F.CrtYd user hide)
    (48 B.Fab user hide)
    (49 F.Fab user hide)
  )

  (setup
    (last_trace_width 0.25)
    (user_trace_width 0.25)
    (user_trace_width 0.4)
    (user_trace_width 0.5)
    (user_trace_width 0.8)
    (user_trace_width 1)
    (user_trace_width 1.5)
    (user_trace_width 2)
    (trace_clearance 0.2)
    (zone_clearance 0.2)
    (zone_45_only no)
    (trace_min 0.2)
    (via_size 0.8)
    (via_drill 0.4)
    (via_min_size 0.4)
    (via_min_drill 0.2)
    (user_via 0.4 0.2)
    (user_via 0.8 0.4)
    (user_via 1 0.5)
    (uvia_size 0.3)
    (uvia_drill 0.1)
    (uvias_allowed no)
    (uvia_min_size 0.2)
    (uvia_min_drill 0.1)
    (edge_width 0.1)
    (segment_width 0.2)
    (pcb_text_width 0.3)
    (pcb_text_size 1.5 1.5)
    (mod_edge_width 0.15)
    (mod_text_size 1 1)
    (mod_text_width 0.15)
    (pad_size 0.8 0.8)
    (pad_drill 0.4)
    (pad_to_mask_clearance 0)
    (aux_axis_origin 0 0)
    (visible_elements FFFFFF7F)
    (pcbplotparams
      (layerselection 0x010fc_ffffffff)
      (usegerberextensions false)
      (usegerberattributes false)
      (usegerberadvancedattributes false)
      (creategerberjobfile false)
      (excludeedgelayer true)
      (linewidth 0.100000)
      (plotframeref false)
      (viasonmask false)
      (mode 1)
      (useauxorigin false)
      (hpglpennumber 1)
      (hpglpenspeed 20)
      (hpglpendiameter 15.000000)
      (psnegative false)
      (psa4output false)
      (plotreference true)
      (plotvalue true)
      (plotinvisibletext false)
      (padsonsilk false)
      (subtractmaskfromsilk false)
      (outputformat 1)
      (mirror false)
      (drillshape 0)
      (scaleselection 1)
      (outputdirectory "gerber/"))
  )

  (net 0 "")
  (net 1 /VDD3.3V)
  (net 2 /VDD1.25V)
  (net 3 "Net-(C24-Pad1)")
  (net 4 "Net-(C27-Pad1)")
  (net 5 /CoreSheet/STM32F103_BTN_0)
  (net 6 /CoreSheet/STM32F103_BTN_1)
  (net 7 /CoreSheet/STM32F103_BTN_2)
  (net 8 GNDA)
  (net 9 "Net-(C35-Pad1)")
  (net 10 "Net-(C36-Pad1)")
  (net 11 "Net-(C37-Pad1)")
  (net 12 "Net-(C37-Pad2)")
  (net 13 "Net-(C38-Pad2)")
  (net 14 "Net-(C38-Pad1)")
  (net 15 /VCC30V)
  (net 16 /VCC5V)
  (net 17 /U_PFC_VCC_ADJ)
  (net 18 "Net-(C45-Pad2)")
  (net 19 "Net-(C45-Pad1)")
  (net 20 "Net-(C46-Pad1)")
  (net 21 "Net-(C46-Pad2)")
  (net 22 "Net-(C47-Pad1)")
  (net 23 "Net-(C47-Pad2)")
  (net 24 "Net-(C48-Pad2)")
  (net 25 "Net-(C48-Pad1)")
  (net 26 "Net-(C49-Pad1)")
  (net 27 "Net-(C49-Pad2)")
  (net 28 "Net-(C50-Pad1)")
  (net 29 "Net-(C50-Pad2)")
  (net 30 "Net-(C51-Pad2)")
  (net 31 "Net-(C51-Pad1)")
  (net 32 "Net-(C52-Pad1)")
  (net 33 "Net-(C52-Pad2)")
  (net 34 "Net-(C53-Pad1)")
  (net 35 "Net-(C54-Pad1)")
  (net 36 "Net-(C55-Pad1)")
  (net 37 "Net-(C56-Pad1)")
  (net 38 /VCC12V)
  (net 39 "Net-(C58-Pad1)")
  (net 40 "Net-(C60-Pad1)")
  (net 41 "Net-(C61-Pad1)")
  (net 42 "Net-(C62-Pad1)")
  (net 43 "Net-(C63-Pad1)")
  (net 44 "Net-(C72-Pad1)")
  (net 45 "Net-(C73-Pad1)")
  (net 46 "Net-(C74-Pad1)")
  (net 47 "Net-(C74-Pad2)")
  (net 48 "Net-(C75-Pad2)")
  (net 49 "Net-(C75-Pad1)")
  (net 50 "Net-(C82-Pad2)")
  (net 51 "Net-(C82-Pad1)")
  (net 52 "Net-(C83-Pad2)")
  (net 53 "Net-(C83-Pad1)")
  (net 54 "Net-(C84-Pad2)")
  (net 55 "Net-(C84-Pad1)")
  (net 56 "Net-(C85-Pad1)")
  (net 57 "Net-(C85-Pad2)")
  (net 58 "Net-(C86-Pad2)")
  (net 59 "Net-(C86-Pad1)")
  (net 60 "Net-(C87-Pad1)")
  (net 61 "Net-(C87-Pad2)")
  (net 62 "Net-(C88-Pad1)")
  (net 63 "Net-(C88-Pad2)")
  (net 64 "Net-(C89-Pad1)")
  (net 65 "Net-(C89-Pad2)")
  (net 66 "Net-(C90-Pad1)")
  (net 67 "Net-(C91-Pad1)")
  (net 68 "Net-(C92-Pad1)")
  (net 69 /U_PFC_FB_OVP_ADJ)
  (net 70 "Net-(C94-Pad1)")
  (net 71 "Net-(C94-Pad2)")
  (net 72 /PFC_VCC_DUT_0)
  (net 73 "Net-(C97-Pad1)")
  (net 74 "Net-(C98-Pad1)")
  (net 75 /PFC_VCC_DUT_2)
  (net 76 "Net-(C100-Pad1)")
  (net 77 "Net-(C101-Pad1)")
  (net 78 /PFC_VCC_DUT_3)
  (net 79 "Net-(C103-Pad1)")
  (net 80 "Net-(C104-Pad1)")
  (net 81 /PFC_VCC_DUT_1)
  (net 82 "Net-(C106-Pad1)")
  (net 83 "Net-(C107-Pad1)")
  (net 84 "Net-(D1-Pad2)")
  (net 85 "Net-(D2-Pad2)")
  (net 86 "Net-(D3-Pad2)")
  (net 87 "Net-(D4-Pad2)")
  (net 88 "Net-(D7-Pad1)")
  (net 89 "Net-(D8-Pad2)")
  (net 90 "Net-(D11-Pad2)")
  (net 91 /WS2812B_DIN)
  (net 92 "Net-(D12-Pad2)")
  (net 93 "Net-(D13-Pad2)")
  (net 94 /STM32F103_SWCLK)
  (net 95 /STM32F103_SWDIO)
  (net 96 /STM32F103_USB_D-)
  (net 97 "Net-(J2-Pad1)")
  (net 98 "Net-(J2-Pad4)")
  (net 99 /STM32F103_USB_D+)
  (net 100 "Net-(Q1-Pad2)")
  (net 101 "Net-(Q1-Pad1)")
  (net 102 "Net-(Q2-Pad2)")
  (net 103 "Net-(Q2-Pad1)")
  (net 104 "Net-(Q3-Pad2)")
  (net 105 "Net-(Q3-Pad1)")
  (net 106 "Net-(Q4-Pad1)")
  (net 107 "Net-(Q5-Pad2)")
  (net 108 "Net-(Q5-Pad1)")
  (net 109 "Net-(Q6-Pad1)")
  (net 110 "Net-(Q7-Pad2)")
  (net 111 "Net-(Q7-Pad1)")
  (net 112 "Net-(Q8-Pad2)")
  (net 113 "Net-(Q8-Pad1)")
  (net 114 /PFC_GATE_LOW_0)
  (net 115 /PFC_GATE_HIGH_0)
  (net 116 /PFC_GATE_HIGH_1)
  (net 117 /PFC_GATE_LOW_1)
  (net 118 "Net-(Q11-Pad3)")
  (net 119 "Net-(Q11-Pad1)")
  (net 120 "Net-(Q12-Pad2)")
  (net 121 "Net-(Q12-Pad1)")
  (net 122 "Net-(Q13-Pad1)")
  (net 123 "Net-(Q13-Pad2)")
  (net 124 "Net-(Q14-Pad1)")
  (net 125 "Net-(Q14-Pad2)")
  (net 126 "Net-(Q15-Pad1)")
  (net 127 "Net-(Q16-Pad1)")
  (net 128 "Net-(Q16-Pad2)")
  (net 129 "Net-(Q17-Pad1)")
  (net 130 "Net-(Q18-Pad1)")
  (net 131 "Net-(Q18-Pad2)")
  (net 132 "Net-(Q19-Pad1)")
  (net 133 "Net-(Q19-Pad2)")
  (net 134 /PFC_GATE_HIGH_2)
  (net 135 /PFC_GATE_LOW_2)
  (net 136 /PFC_GATE_LOW_3)
  (net 137 /PFC_GATE_HIGH_3)
  (net 138 "Net-(Q22-Pad1)")
  (net 139 /PFC_DUT_FB_OVP)
  (net 140 "Net-(Q22-Pad2)")
  (net 141 "Net-(R1-Pad2)")
  (net 142 "Net-(R2-Pad1)")
  (net 143 "Net-(R3-Pad2)")
  (net 144 /CoreSheet/STM32F103_SIG_LED_0)
  (net 145 /CoreSheet/STM32F103_SIG_LED_1)
  (net 146 /CoreSheet/STM32F103_SIG_LED_2)
  (net 147 /CoreSheet/STM32F103_SIG_LED_3)
  (net 148 "Net-(R8-Pad2)")
  (net 149 "Net-(R9-Pad2)")
  (net 150 "Net-(R47-Pad1)")
  (net 151 "Net-(R51-Pad2)")
  (net 152 "Net-(R52-Pad2)")
  (net 153 "Net-(R54-Pad1)")
  (net 154 "Net-(R101-Pad2)")
  (net 155 "Net-(R103-Pad2)")
  (net 156 "Net-(R105-Pad2)")
  (net 157 "Net-(R107-Pad2)")
  (net 158 /CoreSheet/U_PFC_FB_OVP_ADJ_DAC)
  (net 159 /CoreSheet/U_PFC_VCC_ADJ_DAC)
  (net 160 /CoreSheet/W25Q32_NWP)
  (net 161 /CoreSheet/W25Q32_HOLD)
  (net 162 /CoreSheet/XC6SLX9_NCS)
  (net 163 /CoreSheet/XC6SLX9_SCK)
  (net 164 /CoreSheet/XC6SLX9_MISO)
  (net 165 /CoreSheet/XC6SLX9_MOSI)
  (net 166 /CoreSheet/XC6SLX9_PRG_B)
  (net 167 /CoreSheet/XC6SLX9_DONE)
  (net 168 /CoreSheet/XC6SLX9_M0)
  (net 169 /CoreSheet/XC6SLX9_INIT_B)
  (net 170 /CoreSheet/XC6SLX9_CLK)
  (net 171 /CoreSheet/XC6SLX9_HSWAPEN)
  (net 172 /CoreSheet/XC6SLX9_M1)
  (net 173 /CoreSheet/XC6SLX9_ROUTABLE_NCS)
  (net 174 /CoreSheet/XC6SLX9_ROUTABLE_SCK)
  (net 175 /CoreSheet/XC6SLX9_ROUTABLE_MISO)
  (net 176 /CoreSheet/XC6SLX9_ROUTABLE_MOSI)
  (net 177 /ADS1118_MOSI)
  (net 178 /ADS1118_MISO)
  (net 179 /ADS1118_SCK)
  (net 180 /ADS1118_NCS_0)
  (net 181 /ADS1118_NCS_1)
  (net 182 /CoreSheet/W25Q32_MOSI)
  (net 183 /CoreSheet/W25Q32_MISO)
  (net 184 /CoreSheet/W25Q32_SCK)
  (net 185 /CoreSheet/W25Q32_NCS)

  (net_class Default "Это класс цепей по умолчанию."
    (clearance 0.2)
    (trace_width 0.25)
    (via_dia 0.8)
    (via_drill 0.4)
    (uvia_dia 0.3)
    (uvia_drill 0.1)
    (add_net /ADS1118_MISO)
    (add_net /ADS1118_MOSI)
    (add_net /ADS1118_NCS_0)
    (add_net /ADS1118_NCS_1)
    (add_net /ADS1118_SCK)
    (add_net /CoreSheet/STM32F103_BTN_0)
    (add_net /CoreSheet/STM32F103_BTN_1)
    (add_net /CoreSheet/STM32F103_BTN_2)
    (add_net /CoreSheet/STM32F103_SIG_LED_0)
    (add_net /CoreSheet/STM32F103_SIG_LED_1)
    (add_net /CoreSheet/STM32F103_SIG_LED_2)
    (add_net /CoreSheet/STM32F103_SIG_LED_3)
    (add_net /CoreSheet/U_PFC_FB_OVP_ADJ_DAC)
    (add_net /CoreSheet/U_PFC_VCC_ADJ_DAC)
    (add_net /CoreSheet/W25Q32_HOLD)
    (add_net /CoreSheet/W25Q32_MISO)
    (add_net /CoreSheet/W25Q32_MOSI)
    (add_net /CoreSheet/W25Q32_NCS)
    (add_net /CoreSheet/W25Q32_NWP)
    (add_net /CoreSheet/W25Q32_SCK)
    (add_net /CoreSheet/XC6SLX9_CLK)
    (add_net /CoreSheet/XC6SLX9_DONE)
    (add_net /CoreSheet/XC6SLX9_HSWAPEN)
    (add_net /CoreSheet/XC6SLX9_INIT_B)
    (add_net /CoreSheet/XC6SLX9_M0)
    (add_net /CoreSheet/XC6SLX9_M1)
    (add_net /CoreSheet/XC6SLX9_MISO)
    (add_net /CoreSheet/XC6SLX9_MOSI)
    (add_net /CoreSheet/XC6SLX9_NCS)
    (add_net /CoreSheet/XC6SLX9_PRG_B)
    (add_net /CoreSheet/XC6SLX9_ROUTABLE_MISO)
    (add_net /CoreSheet/XC6SLX9_ROUTABLE_MOSI)
    (add_net /CoreSheet/XC6SLX9_ROUTABLE_NCS)
    (add_net /CoreSheet/XC6SLX9_ROUTABLE_SCK)
    (add_net /CoreSheet/XC6SLX9_SCK)
    (add_net /PFC_DUT_FB_OVP)
    (add_net /PFC_GATE_HIGH_0)
    (add_net /PFC_GATE_HIGH_1)
    (add_net /PFC_GATE_HIGH_2)
    (add_net /PFC_GATE_HIGH_3)
    (add_net /PFC_GATE_LOW_0)
    (add_net /PFC_GATE_LOW_1)
    (add_net /PFC_GATE_LOW_2)
    (add_net /PFC_GATE_LOW_3)
    (add_net /PFC_VCC_DUT_0)
    (add_net /PFC_VCC_DUT_1)
    (add_net /PFC_VCC_DUT_2)
    (add_net /PFC_VCC_DUT_3)
    (add_net /STM32F103_SWCLK)
    (add_net /STM32F103_SWDIO)
    (add_net /STM32F103_USB_D+)
    (add_net /STM32F103_USB_D-)
    (add_net /U_PFC_FB_OVP_ADJ)
    (add_net /U_PFC_VCC_ADJ)
    (add_net /VCC12V)
    (add_net /VCC30V)
    (add_net /VCC5V)
    (add_net /VDD1.25V)
    (add_net /VDD3.3V)
    (add_net /WS2812B_DIN)
    (add_net GNDA)
    (add_net "Net-(C100-Pad1)")
    (add_net "Net-(C101-Pad1)")
    (add_net "Net-(C103-Pad1)")
    (add_net "Net-(C104-Pad1)")
    (add_net "Net-(C106-Pad1)")
    (add_net "Net-(C107-Pad1)")
    (add_net "Net-(C24-Pad1)")
    (add_net "Net-(C27-Pad1)")
    (add_net "Net-(C35-Pad1)")
    (add_net "Net-(C36-Pad1)")
    (add_net "Net-(C37-Pad1)")
    (add_net "Net-(C37-Pad2)")
    (add_net "Net-(C38-Pad1)")
    (add_net "Net-(C38-Pad2)")
    (add_net "Net-(C45-Pad1)")
    (add_net "Net-(C45-Pad2)")
    (add_net "Net-(C46-Pad1)")
    (add_net "Net-(C46-Pad2)")
    (add_net "Net-(C47-Pad1)")
    (add_net "Net-(C47-Pad2)")
    (add_net "Net-(C48-Pad1)")
    (add_net "Net-(C48-Pad2)")
    (add_net "Net-(C49-Pad1)")
    (add_net "Net-(C49-Pad2)")
    (add_net "Net-(C50-Pad1)")
    (add_net "Net-(C50-Pad2)")
    (add_net "Net-(C51-Pad1)")
    (add_net "Net-(C51-Pad2)")
    (add_net "Net-(C52-Pad1)")
    (add_net "Net-(C52-Pad2)")
    (add_net "Net-(C53-Pad1)")
    (add_net "Net-(C54-Pad1)")
    (add_net "Net-(C55-Pad1)")
    (add_net "Net-(C56-Pad1)")
    (add_net "Net-(C58-Pad1)")
    (add_net "Net-(C60-Pad1)")
    (add_net "Net-(C61-Pad1)")
    (add_net "Net-(C62-Pad1)")
    (add_net "Net-(C63-Pad1)")
    (add_net "Net-(C72-Pad1)")
    (add_net "Net-(C73-Pad1)")
    (add_net "Net-(C74-Pad1)")
    (add_net "Net-(C74-Pad2)")
    (add_net "Net-(C75-Pad1)")
    (add_net "Net-(C75-Pad2)")
    (add_net "Net-(C82-Pad1)")
    (add_net "Net-(C82-Pad2)")
    (add_net "Net-(C83-Pad1)")
    (add_net "Net-(C83-Pad2)")
    (add_net "Net-(C84-Pad1)")
    (add_net "Net-(C84-Pad2)")
    (add_net "Net-(C85-Pad1)")
    (add_net "Net-(C85-Pad2)")
    (add_net "Net-(C86-Pad1)")
    (add_net "Net-(C86-Pad2)")
    (add_net "Net-(C87-Pad1)")
    (add_net "Net-(C87-Pad2)")
    (add_net "Net-(C88-Pad1)")
    (add_net "Net-(C88-Pad2)")
    (add_net "Net-(C89-Pad1)")
    (add_net "Net-(C89-Pad2)")
    (add_net "Net-(C90-Pad1)")
    (add_net "Net-(C91-Pad1)")
    (add_net "Net-(C92-Pad1)")
    (add_net "Net-(C94-Pad1)")
    (add_net "Net-(C94-Pad2)")
    (add_net "Net-(C97-Pad1)")
    (add_net "Net-(C98-Pad1)")
    (add_net "Net-(D1-Pad2)")
    (add_net "Net-(D11-Pad2)")
    (add_net "Net-(D12-Pad2)")
    (add_net "Net-(D13-Pad2)")
    (add_net "Net-(D2-Pad2)")
    (add_net "Net-(D3-Pad2)")
    (add_net "Net-(D4-Pad2)")
    (add_net "Net-(D7-Pad1)")
    (add_net "Net-(D8-Pad2)")
    (add_net "Net-(J2-Pad1)")
    (add_net "Net-(J2-Pad4)")
    (add_net "Net-(Q1-Pad1)")
    (add_net "Net-(Q1-Pad2)")
    (add_net "Net-(Q11-Pad1)")
    (add_net "Net-(Q11-Pad3)")
    (add_net "Net-(Q12-Pad1)")
    (add_net "Net-(Q12-Pad2)")
    (add_net "Net-(Q13-Pad1)")
    (add_net "Net-(Q13-Pad2)")
    (add_net "Net-(Q14-Pad1)")
    (add_net "Net-(Q14-Pad2)")
    (add_net "Net-(Q15-Pad1)")
    (add_net "Net-(Q16-Pad1)")
    (add_net "Net-(Q16-Pad2)")
    (add_net "Net-(Q17-Pad1)")
    (add_net "Net-(Q18-Pad1)")
    (add_net "Net-(Q18-Pad2)")
    (add_net "Net-(Q19-Pad1)")
    (add_net "Net-(Q19-Pad2)")
    (add_net "Net-(Q2-Pad1)")
    (add_net "Net-(Q2-Pad2)")
    (add_net "Net-(Q22-Pad1)")
    (add_net "Net-(Q22-Pad2)")
    (add_net "Net-(Q3-Pad1)")
    (add_net "Net-(Q3-Pad2)")
    (add_net "Net-(Q4-Pad1)")
    (add_net "Net-(Q5-Pad1)")
    (add_net "Net-(Q5-Pad2)")
    (add_net "Net-(Q6-Pad1)")
    (add_net "Net-(Q7-Pad1)")
    (add_net "Net-(Q7-Pad2)")
    (add_net "Net-(Q8-Pad1)")
    (add_net "Net-(Q8-Pad2)")
    (add_net "Net-(R1-Pad2)")
    (add_net "Net-(R101-Pad2)")
    (add_net "Net-(R103-Pad2)")
    (add_net "Net-(R105-Pad2)")
    (add_net "Net-(R107-Pad2)")
    (add_net "Net-(R2-Pad1)")
    (add_net "Net-(R3-Pad2)")
    (add_net "Net-(R47-Pad1)")
    (add_net "Net-(R51-Pad2)")
    (add_net "Net-(R52-Pad2)")
    (add_net "Net-(R54-Pad1)")
    (add_net "Net-(R8-Pad2)")
    (add_net "Net-(R9-Pad2)")
  )

  (module Package_TO_SOT_SMD:SOT-23 (layer F.Cu) (tedit 5E4D51C9) (tstamp 5E4DCF0B)
    (at 135.095001 65.095001 270)
    (descr "SOT-23, Standard")
    (tags SOT-23)
    (path /5E8995F4/5E56E0A7)
    (attr smd)
    (fp_text reference D10 (at -2.37 -0.14 180) (layer F.SilkS)
      (effects (font (size 1 1) (thickness 0.15)))
    )
    (fp_text value 1.25V (at 0 2.5 270) (layer F.Fab)
      (effects (font (size 1 1) (thickness 0.15)))
    )
    (fp_text user %R (at 0 0 180) (layer F.Fab)
      (effects (font (size 0.5 0.5) (thickness 0.075)))
    )
    (fp_line (start -0.7 -0.95) (end -0.7 1.5) (layer F.Fab) (width 0.1))
    (fp_line (start -0.15 -1.52) (end 0.7 -1.52) (layer F.Fab) (width 0.1))
    (fp_line (start -0.7 -0.95) (end -0.15 -1.52) (layer F.Fab) (width 0.1))
    (fp_line (start 0.7 -1.52) (end 0.7 1.52) (layer F.Fab) (width 0.1))
    (fp_line (start -0.7 1.52) (end 0.7 1.52) (layer F.Fab) (width 0.1))
    (fp_line (start 0.76 1.58) (end 0.76 0.65) (layer F.SilkS) (width 0.12))
    (fp_line (start 0.76 -1.58) (end 0.76 -0.65) (layer F.SilkS) (width 0.12))
    (fp_line (start -1.7 -1.75) (end 1.7 -1.75) (layer F.CrtYd) (width 0.05))
    (fp_line (start 1.7 -1.75) (end 1.7 1.75) (layer F.CrtYd) (width 0.05))
    (fp_line (start 1.7 1.75) (end -1.7 1.75) (layer F.CrtYd) (width 0.05))
    (fp_line (start -1.7 1.75) (end -1.7 -1.75) (layer F.CrtYd) (width 0.05))
    (fp_line (start 0.76 -1.58) (end -1.4 -1.58) (layer F.SilkS) (width 0.12))
    (fp_line (start 0.76 1.58) (end -0.7 1.58) (layer F.SilkS) (width 0.12))
    (pad 2 smd rect (at -1 -0.95 270) (size 0.9 0.8) (layers F.Cu F.Paste F.Mask)
      (net 8 GNDA))
    (pad 2 smd rect (at -1 0.95 270) (size 0.9 0.8) (layers F.Cu F.Paste F.Mask)
      (net 8 GNDA))
    (pad 1 smd rect (at 1 0 270) (size 0.9 0.8) (layers F.Cu F.Paste F.Mask)
      (net 45 "Net-(C73-Pad1)"))
    (model ${KISYS3DMOD}/Package_TO_SOT_SMD.3dshapes/SOT-23.wrl
      (at (xyz 0 0 0))
      (scale (xyz 1 1 1))
      (rotate (xyz 0 0 0))
    )
  )

  (module Package_TO_SOT_SMD:TO-252-2 (layer F.Cu) (tedit 5E4D42EA) (tstamp 5E4D71B7)
    (at 152.57 135.92 270)
    (descr "TO-252 / DPAK SMD package, http://www.infineon.com/cms/en/product/packages/PG-TO252/PG-TO252-3-1/")
    (tags "DPAK TO-252 DPAK-3 TO-252-3 SOT-428")
    (path /5E4C520A/5E63D96D)
    (attr smd)
    (fp_text reference D8 (at -2.24 0.01) (layer F.SilkS)
      (effects (font (size 1 1) (thickness 0.15)))
    )
    (fp_text value D_Schottky (at 0 4.5 90) (layer F.Fab)
      (effects (font (size 1 1) (thickness 0.15)))
    )
    (fp_line (start 3.95 -2.7) (end 4.95 -2.7) (layer F.Fab) (width 0.1))
    (fp_line (start 4.95 -2.7) (end 4.95 2.7) (layer F.Fab) (width 0.1))
    (fp_line (start 4.95 2.7) (end 3.95 2.7) (layer F.Fab) (width 0.1))
    (fp_line (start 3.95 -3.25) (end 3.95 3.25) (layer F.Fab) (width 0.1))
    (fp_line (start 3.95 3.25) (end -2.27 3.25) (layer F.Fab) (width 0.1))
    (fp_line (start -2.27 3.25) (end -2.27 -2.25) (layer F.Fab) (width 0.1))
    (fp_line (start -2.27 -2.25) (end -1.27 -3.25) (layer F.Fab) (width 0.1))
    (fp_line (start -1.27 -3.25) (end 3.95 -3.25) (layer F.Fab) (width 0.1))
    (fp_line (start -1.865 -2.655) (end -4.97 -2.655) (layer F.Fab) (width 0.1))
    (fp_line (start -4.97 -2.655) (end -4.97 -1.905) (layer F.Fab) (width 0.1))
    (fp_line (start -4.97 -1.905) (end -2.27 -1.905) (layer F.Fab) (width 0.1))
    (fp_line (start -2.27 1.905) (end -4.97 1.905) (layer F.Fab) (width 0.1))
    (fp_line (start -4.97 1.905) (end -4.97 2.655) (layer F.Fab) (width 0.1))
    (fp_line (start -4.97 2.655) (end -2.27 2.655) (layer F.Fab) (width 0.1))
    (fp_line (start -0.97 -3.45) (end -2.47 -3.45) (layer F.SilkS) (width 0.12))
    (fp_line (start -2.47 -3.45) (end -2.47 -3.18) (layer F.SilkS) (width 0.12))
    (fp_line (start -2.47 -3.18) (end -5.3 -3.18) (layer F.SilkS) (width 0.12))
    (fp_line (start -0.97 3.45) (end -2.47 3.45) (layer F.SilkS) (width 0.12))
    (fp_line (start -2.47 3.45) (end -2.47 3.18) (layer F.SilkS) (width 0.12))
    (fp_line (start -2.47 3.18) (end -3.57 3.18) (layer F.SilkS) (width 0.12))
    (fp_line (start -5.55 -3.5) (end -5.55 3.5) (layer F.CrtYd) (width 0.05))
    (fp_line (start -5.55 3.5) (end 5.55 3.5) (layer F.CrtYd) (width 0.05))
    (fp_line (start 5.55 3.5) (end 5.55 -3.5) (layer F.CrtYd) (width 0.05))
    (fp_line (start 5.55 -3.5) (end -5.55 -3.5) (layer F.CrtYd) (width 0.05))
    (fp_text user %R (at 0 0 90) (layer F.Fab)
      (effects (font (size 1 1) (thickness 0.15)))
    )
    (pad 2 smd rect (at -4.2 -2.28 270) (size 2.2 1.2) (layers F.Cu F.Paste F.Mask)
      (net 89 "Net-(D8-Pad2)"))
    (pad 2 smd rect (at -4.2 2.28 270) (size 2.2 1.2) (layers F.Cu F.Paste F.Mask)
      (net 89 "Net-(D8-Pad2)"))
    (pad 1 smd rect (at 2.1 0 270) (size 6.4 5.8) (layers F.Cu F.Mask)
      (net 15 /VCC30V))
    (pad "" smd rect (at 3.775 1.525 270) (size 3.05 2.75) (layers F.Paste))
    (pad "" smd rect (at 0.425 -1.525 270) (size 3.05 2.75) (layers F.Paste))
    (pad "" smd rect (at 3.775 -1.525 270) (size 3.05 2.75) (layers F.Paste))
    (pad "" smd rect (at 0.425 1.525 270) (size 3.05 2.75) (layers F.Paste))
    (model ${KISYS3DMOD}/Package_TO_SOT_SMD.3dshapes/TO-252-2.wrl
      (at (xyz 0 0 0))
      (scale (xyz 1 1 1))
      (rotate (xyz 0 0 0))
    )
  )

  (module Package_TO_SOT_SMD:SOT-23 (layer F.Cu) (tedit 5E4C126B) (tstamp 5E4DCEA5)
    (at 92.86 65.94 270)
    (descr "SOT-23, Standard")
    (tags SOT-23)
    (path /5E4AE7F8/5E56E0A7)
    (attr smd)
    (fp_text reference D6 (at -2.37 -0.14 180) (layer F.SilkS)
      (effects (font (size 1 1) (thickness 0.15)))
    )
    (fp_text value 1.25V (at 0 2.5 90) (layer F.Fab)
      (effects (font (size 1 1) (thickness 0.15)))
    )
    (fp_text user %R (at 0 0 180) (layer F.Fab)
      (effects (font (size 0.5 0.5) (thickness 0.075)))
    )
    (fp_line (start -0.7 -0.95) (end -0.7 1.5) (layer F.Fab) (width 0.1))
    (fp_line (start -0.15 -1.52) (end 0.7 -1.52) (layer F.Fab) (width 0.1))
    (fp_line (start -0.7 -0.95) (end -0.15 -1.52) (layer F.Fab) (width 0.1))
    (fp_line (start 0.7 -1.52) (end 0.7 1.52) (layer F.Fab) (width 0.1))
    (fp_line (start -0.7 1.52) (end 0.7 1.52) (layer F.Fab) (width 0.1))
    (fp_line (start 0.76 1.58) (end 0.76 0.65) (layer F.SilkS) (width 0.12))
    (fp_line (start 0.76 -1.58) (end 0.76 -0.65) (layer F.SilkS) (width 0.12))
    (fp_line (start -1.7 -1.75) (end 1.7 -1.75) (layer F.CrtYd) (width 0.05))
    (fp_line (start 1.7 -1.75) (end 1.7 1.75) (layer F.CrtYd) (width 0.05))
    (fp_line (start 1.7 1.75) (end -1.7 1.75) (layer F.CrtYd) (width 0.05))
    (fp_line (start -1.7 1.75) (end -1.7 -1.75) (layer F.CrtYd) (width 0.05))
    (fp_line (start 0.76 -1.58) (end -1.4 -1.58) (layer F.SilkS) (width 0.12))
    (fp_line (start 0.76 1.58) (end -0.7 1.58) (layer F.SilkS) (width 0.12))
    (pad 2 smd rect (at -1 -0.95 270) (size 0.9 0.8) (layers F.Cu F.Paste F.Mask)
      (net 8 GNDA))
    (pad 2 smd rect (at -1 0.95 270) (size 0.9 0.8) (layers F.Cu F.Paste F.Mask)
      (net 8 GNDA))
    (pad 1 smd rect (at 1 0 270) (size 0.9 0.8) (layers F.Cu F.Paste F.Mask)
      (net 10 "Net-(C36-Pad1)"))
    (model ${KISYS3DMOD}/Package_TO_SOT_SMD.3dshapes/SOT-23.wrl
      (at (xyz 0 0 0))
      (scale (xyz 1 1 1))
      (rotate (xyz 0 0 0))
    )
  )

  (module Package_TO_SOT_SMD:SOT-23 (layer F.Cu) (tedit 5E4C09C8) (tstamp 5E4DCEF6)
    (at 139.695001 92.165001 90)
    (descr "SOT-23, Standard")
    (tags SOT-23)
    (path /5E8995F4/5E4B3D69)
    (attr smd)
    (fp_text reference D9 (at 0 -2.5 90) (layer F.SilkS)
      (effects (font (size 1 1) (thickness 0.15)))
    )
    (fp_text value 1.25V (at 0 2.5 90) (layer F.Fab)
      (effects (font (size 1 1) (thickness 0.15)))
    )
    (fp_line (start 0.76 1.58) (end -0.7 1.58) (layer F.SilkS) (width 0.12))
    (fp_line (start 0.76 -1.58) (end -1.4 -1.58) (layer F.SilkS) (width 0.12))
    (fp_line (start -1.7 1.75) (end -1.7 -1.75) (layer F.CrtYd) (width 0.05))
    (fp_line (start 1.7 1.75) (end -1.7 1.75) (layer F.CrtYd) (width 0.05))
    (fp_line (start 1.7 -1.75) (end 1.7 1.75) (layer F.CrtYd) (width 0.05))
    (fp_line (start -1.7 -1.75) (end 1.7 -1.75) (layer F.CrtYd) (width 0.05))
    (fp_line (start 0.76 -1.58) (end 0.76 -0.65) (layer F.SilkS) (width 0.12))
    (fp_line (start 0.76 1.58) (end 0.76 0.65) (layer F.SilkS) (width 0.12))
    (fp_line (start -0.7 1.52) (end 0.7 1.52) (layer F.Fab) (width 0.1))
    (fp_line (start 0.7 -1.52) (end 0.7 1.52) (layer F.Fab) (width 0.1))
    (fp_line (start -0.7 -0.95) (end -0.15 -1.52) (layer F.Fab) (width 0.1))
    (fp_line (start -0.15 -1.52) (end 0.7 -1.52) (layer F.Fab) (width 0.1))
    (fp_line (start -0.7 -0.95) (end -0.7 1.5) (layer F.Fab) (width 0.1))
    (fp_text user %R (at 0 0 180) (layer F.Fab)
      (effects (font (size 0.5 0.5) (thickness 0.075)))
    )
    (pad 1 smd rect (at 1 0 90) (size 0.9 0.8) (layers F.Cu F.Paste F.Mask)
      (net 44 "Net-(C72-Pad1)"))
    (pad 2 smd rect (at -1 0.95 90) (size 0.9 0.8) (layers F.Cu F.Paste F.Mask)
      (net 8 GNDA))
    (pad 2 smd rect (at -1 -0.95 90) (size 0.9 0.8) (layers F.Cu F.Paste F.Mask)
      (net 8 GNDA))
    (model ${KISYS3DMOD}/Package_TO_SOT_SMD.3dshapes/SOT-23.wrl
      (at (xyz 0 0 0))
      (scale (xyz 1 1 1))
      (rotate (xyz 0 0 0))
    )
  )

  (module Package_TO_SOT_SMD:SOT-23 (layer F.Cu) (tedit 5E4C0702) (tstamp 5E4DCE90)
    (at 97.46 93.01 90)
    (descr "SOT-23, Standard")
    (tags SOT-23)
    (path /5E4AE7F8/5E4B3D69)
    (attr smd)
    (fp_text reference D5 (at 0 -2.5 90) (layer F.SilkS)
      (effects (font (size 1 1) (thickness 0.15)))
    )
    (fp_text value 1.25V (at 0 2.5 90) (layer F.Fab)
      (effects (font (size 1 1) (thickness 0.15)))
    )
    (fp_text user %R (at 0 0 180) (layer F.Fab)
      (effects (font (size 0.5 0.5) (thickness 0.075)))
    )
    (fp_line (start -0.7 -0.95) (end -0.7 1.5) (layer F.Fab) (width 0.1))
    (fp_line (start -0.15 -1.52) (end 0.7 -1.52) (layer F.Fab) (width 0.1))
    (fp_line (start -0.7 -0.95) (end -0.15 -1.52) (layer F.Fab) (width 0.1))
    (fp_line (start 0.7 -1.52) (end 0.7 1.52) (layer F.Fab) (width 0.1))
    (fp_line (start -0.7 1.52) (end 0.7 1.52) (layer F.Fab) (width 0.1))
    (fp_line (start 0.76 1.58) (end 0.76 0.65) (layer F.SilkS) (width 0.12))
    (fp_line (start 0.76 -1.58) (end 0.76 -0.65) (layer F.SilkS) (width 0.12))
    (fp_line (start -1.7 -1.75) (end 1.7 -1.75) (layer F.CrtYd) (width 0.05))
    (fp_line (start 1.7 -1.75) (end 1.7 1.75) (layer F.CrtYd) (width 0.05))
    (fp_line (start 1.7 1.75) (end -1.7 1.75) (layer F.CrtYd) (width 0.05))
    (fp_line (start -1.7 1.75) (end -1.7 -1.75) (layer F.CrtYd) (width 0.05))
    (fp_line (start 0.76 -1.58) (end -1.4 -1.58) (layer F.SilkS) (width 0.12))
    (fp_line (start 0.76 1.58) (end -0.7 1.58) (layer F.SilkS) (width 0.12))
    (pad 2 smd rect (at -1 -0.95 90) (size 0.9 0.8) (layers F.Cu F.Paste F.Mask)
      (net 8 GNDA))
    (pad 2 smd rect (at -1 0.95 90) (size 0.9 0.8) (layers F.Cu F.Paste F.Mask)
      (net 8 GNDA))
    (pad 1 smd rect (at 1 0 90) (size 0.9 0.8) (layers F.Cu F.Paste F.Mask)
      (net 9 "Net-(C35-Pad1)"))
    (model ${KISYS3DMOD}/Package_TO_SOT_SMD.3dshapes/SOT-23.wrl
      (at (xyz 0 0 0))
      (scale (xyz 1 1 1))
      (rotate (xyz 0 0 0))
    )
  )

  (module Capacitor_SMD:C_0603_1608Metric (layer B.Cu) (tedit 5B301BBE) (tstamp 5E4DC6C9)
    (at 136.34 107.75 225)
    (descr "Capacitor SMD 0603 (1608 Metric), square (rectangular) end terminal, IPC_7351 nominal, (Body size source: http://www.tortai-tech.com/upload/download/2011102023233369053.pdf), generated with kicad-footprint-generator")
    (tags capacitor)
    (path /63DEFF92/61481D75)
    (attr smd)
    (fp_text reference C1 (at 2.418305 -0.028284 45) (layer B.SilkS)
      (effects (font (size 1 1) (thickness 0.15)) (justify mirror))
    )
    (fp_text value 0.1u (at 0 -1.43 45) (layer B.Fab)
      (effects (font (size 1 1) (thickness 0.15)) (justify mirror))
    )
    (fp_text user %R (at 0 0 45) (layer B.Fab)
      (effects (font (size 0.4 0.4) (thickness 0.06)) (justify mirror))
    )
    (fp_line (start 1.48 -0.73) (end -1.48 -0.73) (layer B.CrtYd) (width 0.05))
    (fp_line (start 1.48 0.73) (end 1.48 -0.73) (layer B.CrtYd) (width 0.05))
    (fp_line (start -1.48 0.73) (end 1.48 0.73) (layer B.CrtYd) (width 0.05))
    (fp_line (start -1.48 -0.73) (end -1.48 0.73) (layer B.CrtYd) (width 0.05))
    (fp_line (start -0.162779 -0.51) (end 0.162779 -0.51) (layer B.SilkS) (width 0.12))
    (fp_line (start -0.162779 0.51) (end 0.162779 0.51) (layer B.SilkS) (width 0.12))
    (fp_line (start 0.8 -0.4) (end -0.8 -0.4) (layer B.Fab) (width 0.1))
    (fp_line (start 0.8 0.4) (end 0.8 -0.4) (layer B.Fab) (width 0.1))
    (fp_line (start -0.8 0.4) (end 0.8 0.4) (layer B.Fab) (width 0.1))
    (fp_line (start -0.8 -0.4) (end -0.8 0.4) (layer B.Fab) (width 0.1))
    (pad 2 smd roundrect (at 0.7875 0 225) (size 0.875 0.95) (layers B.Cu B.Paste B.Mask) (roundrect_rratio 0.25)
      (net 8 GNDA))
    (pad 1 smd roundrect (at -0.7875 0 225) (size 0.875 0.95) (layers B.Cu B.Paste B.Mask) (roundrect_rratio 0.25)
      (net 1 /VDD3.3V))
    (model ${KISYS3DMOD}/Capacitor_SMD.3dshapes/C_0603_1608Metric.wrl
      (at (xyz 0 0 0))
      (scale (xyz 1 1 1))
      (rotate (xyz 0 0 0))
    )
  )

  (module Capacitor_SMD:C_0603_1608Metric (layer B.Cu) (tedit 5B301BBE) (tstamp 5E4EE3D4)
    (at 140.07 111.74 225)
    (descr "Capacitor SMD 0603 (1608 Metric), square (rectangular) end terminal, IPC_7351 nominal, (Body size source: http://www.tortai-tech.com/upload/download/2011102023233369053.pdf), generated with kicad-footprint-generator")
    (tags capacitor)
    (path /63DEFF92/61481D7B)
    (attr smd)
    (fp_text reference C2 (at 0 1.43 45) (layer B.SilkS)
      (effects (font (size 1 1) (thickness 0.15)) (justify mirror))
    )
    (fp_text value 0.1u (at 0 -1.43 45) (layer B.Fab)
      (effects (font (size 1 1) (thickness 0.15)) (justify mirror))
    )
    (fp_text user %R (at 0 0 45) (layer B.Fab)
      (effects (font (size 0.4 0.4) (thickness 0.06)) (justify mirror))
    )
    (fp_line (start 1.48 -0.73) (end -1.48 -0.73) (layer B.CrtYd) (width 0.05))
    (fp_line (start 1.48 0.73) (end 1.48 -0.73) (layer B.CrtYd) (width 0.05))
    (fp_line (start -1.48 0.73) (end 1.48 0.73) (layer B.CrtYd) (width 0.05))
    (fp_line (start -1.48 -0.73) (end -1.48 0.73) (layer B.CrtYd) (width 0.05))
    (fp_line (start -0.162779 -0.51) (end 0.162779 -0.51) (layer B.SilkS) (width 0.12))
    (fp_line (start -0.162779 0.51) (end 0.162779 0.51) (layer B.SilkS) (width 0.12))
    (fp_line (start 0.8 -0.4) (end -0.8 -0.4) (layer B.Fab) (width 0.1))
    (fp_line (start 0.8 0.4) (end 0.8 -0.4) (layer B.Fab) (width 0.1))
    (fp_line (start -0.8 0.4) (end 0.8 0.4) (layer B.Fab) (width 0.1))
    (fp_line (start -0.8 -0.4) (end -0.8 0.4) (layer B.Fab) (width 0.1))
    (pad 2 smd roundrect (at 0.7875 0 225) (size 0.875 0.95) (layers B.Cu B.Paste B.Mask) (roundrect_rratio 0.25)
      (net 8 GNDA))
    (pad 1 smd roundrect (at -0.7875 0 225) (size 0.875 0.95) (layers B.Cu B.Paste B.Mask) (roundrect_rratio 0.25)
      (net 1 /VDD3.3V))
    (model ${KISYS3DMOD}/Capacitor_SMD.3dshapes/C_0603_1608Metric.wrl
      (at (xyz 0 0 0))
      (scale (xyz 1 1 1))
      (rotate (xyz 0 0 0))
    )
  )

  (module Capacitor_SMD:C_0603_1608Metric (layer B.Cu) (tedit 5B301BBE) (tstamp 5E4DC6EB)
    (at 131.86 112.52 315)
    (descr "Capacitor SMD 0603 (1608 Metric), square (rectangular) end terminal, IPC_7351 nominal, (Body size source: http://www.tortai-tech.com/upload/download/2011102023233369053.pdf), generated with kicad-footprint-generator")
    (tags capacitor)
    (path /63DEFF92/6150B15E)
    (attr smd)
    (fp_text reference C3 (at 0 1.43 135) (layer B.SilkS)
      (effects (font (size 1 1) (thickness 0.15)) (justify mirror))
    )
    (fp_text value 0.1u (at 0 -1.43 135) (layer B.Fab)
      (effects (font (size 1 1) (thickness 0.15)) (justify mirror))
    )
    (fp_text user %R (at 0 0 135) (layer B.Fab)
      (effects (font (size 0.4 0.4) (thickness 0.06)) (justify mirror))
    )
    (fp_line (start 1.48 -0.73) (end -1.48 -0.73) (layer B.CrtYd) (width 0.05))
    (fp_line (start 1.48 0.73) (end 1.48 -0.73) (layer B.CrtYd) (width 0.05))
    (fp_line (start -1.48 0.73) (end 1.48 0.73) (layer B.CrtYd) (width 0.05))
    (fp_line (start -1.48 -0.73) (end -1.48 0.73) (layer B.CrtYd) (width 0.05))
    (fp_line (start -0.162779 -0.51) (end 0.162779 -0.51) (layer B.SilkS) (width 0.12))
    (fp_line (start -0.162779 0.51) (end 0.162779 0.51) (layer B.SilkS) (width 0.12))
    (fp_line (start 0.8 -0.4) (end -0.8 -0.4) (layer B.Fab) (width 0.1))
    (fp_line (start 0.8 0.4) (end 0.8 -0.4) (layer B.Fab) (width 0.1))
    (fp_line (start -0.8 0.4) (end 0.8 0.4) (layer B.Fab) (width 0.1))
    (fp_line (start -0.8 -0.4) (end -0.8 0.4) (layer B.Fab) (width 0.1))
    (pad 2 smd roundrect (at 0.7875 0 315) (size 0.875 0.95) (layers B.Cu B.Paste B.Mask) (roundrect_rratio 0.25)
      (net 8 GNDA))
    (pad 1 smd roundrect (at -0.7875 0 315) (size 0.875 0.95) (layers B.Cu B.Paste B.Mask) (roundrect_rratio 0.25)
      (net 1 /VDD3.3V))
    (model ${KISYS3DMOD}/Capacitor_SMD.3dshapes/C_0603_1608Metric.wrl
      (at (xyz 0 0 0))
      (scale (xyz 1 1 1))
      (rotate (xyz 0 0 0))
    )
  )

  (module Capacitor_SMD:C_0603_1608Metric (layer B.Cu) (tedit 5B301BBE) (tstamp 5E556A7A)
    (at 103.350001 112.67 225)
    (descr "Capacitor SMD 0603 (1608 Metric), square (rectangular) end terminal, IPC_7351 nominal, (Body size source: http://www.tortai-tech.com/upload/download/2011102023233369053.pdf), generated with kicad-footprint-generator")
    (tags capacitor)
    (path /63DEFF92/615313B1)
    (attr smd)
    (fp_text reference C4 (at 2.552655 -0.13435 45) (layer B.SilkS)
      (effects (font (size 1 1) (thickness 0.15)) (justify mirror))
    )
    (fp_text value 0.1u (at 0 -1.43 45) (layer B.Fab)
      (effects (font (size 1 1) (thickness 0.15)) (justify mirror))
    )
    (fp_line (start -0.8 -0.4) (end -0.8 0.4) (layer B.Fab) (width 0.1))
    (fp_line (start -0.8 0.4) (end 0.8 0.4) (layer B.Fab) (width 0.1))
    (fp_line (start 0.8 0.4) (end 0.8 -0.4) (layer B.Fab) (width 0.1))
    (fp_line (start 0.8 -0.4) (end -0.8 -0.4) (layer B.Fab) (width 0.1))
    (fp_line (start -0.162779 0.51) (end 0.162779 0.51) (layer B.SilkS) (width 0.12))
    (fp_line (start -0.162779 -0.51) (end 0.162779 -0.51) (layer B.SilkS) (width 0.12))
    (fp_line (start -1.48 -0.73) (end -1.48 0.73) (layer B.CrtYd) (width 0.05))
    (fp_line (start -1.48 0.73) (end 1.48 0.73) (layer B.CrtYd) (width 0.05))
    (fp_line (start 1.48 0.73) (end 1.48 -0.73) (layer B.CrtYd) (width 0.05))
    (fp_line (start 1.48 -0.73) (end -1.48 -0.73) (layer B.CrtYd) (width 0.05))
    (fp_text user %R (at 0 0 45) (layer B.Fab)
      (effects (font (size 0.4 0.4) (thickness 0.06)) (justify mirror))
    )
    (pad 1 smd roundrect (at -0.7875 0 225) (size 0.875 0.95) (layers B.Cu B.Paste B.Mask) (roundrect_rratio 0.25)
      (net 2 /VDD1.25V))
    (pad 2 smd roundrect (at 0.7875 0 225) (size 0.875 0.95) (layers B.Cu B.Paste B.Mask) (roundrect_rratio 0.25)
      (net 8 GNDA))
    (model ${KISYS3DMOD}/Capacitor_SMD.3dshapes/C_0603_1608Metric.wrl
      (at (xyz 0 0 0))
      (scale (xyz 1 1 1))
      (rotate (xyz 0 0 0))
    )
  )

  (module Capacitor_SMD:C_0603_1608Metric (layer B.Cu) (tedit 5B301BBE) (tstamp 5E556C5A)
    (at 98.84 108.4 225)
    (descr "Capacitor SMD 0603 (1608 Metric), square (rectangular) end terminal, IPC_7351 nominal, (Body size source: http://www.tortai-tech.com/upload/download/2011102023233369053.pdf), generated with kicad-footprint-generator")
    (tags capacitor)
    (path /63DEFF92/61481D81)
    (attr smd)
    (fp_text reference C5 (at 2.637508 0.077782 45) (layer B.SilkS)
      (effects (font (size 1 1) (thickness 0.15)) (justify mirror))
    )
    (fp_text value 0.1u (at 0 -1.43 45) (layer B.Fab)
      (effects (font (size 1 1) (thickness 0.15)) (justify mirror))
    )
    (fp_text user %R (at 0 0 45) (layer B.Fab)
      (effects (font (size 0.4 0.4) (thickness 0.06)) (justify mirror))
    )
    (fp_line (start 1.48 -0.73) (end -1.48 -0.73) (layer B.CrtYd) (width 0.05))
    (fp_line (start 1.48 0.73) (end 1.48 -0.73) (layer B.CrtYd) (width 0.05))
    (fp_line (start -1.48 0.73) (end 1.48 0.73) (layer B.CrtYd) (width 0.05))
    (fp_line (start -1.48 -0.73) (end -1.48 0.73) (layer B.CrtYd) (width 0.05))
    (fp_line (start -0.162779 -0.51) (end 0.162779 -0.51) (layer B.SilkS) (width 0.12))
    (fp_line (start -0.162779 0.51) (end 0.162779 0.51) (layer B.SilkS) (width 0.12))
    (fp_line (start 0.8 -0.4) (end -0.8 -0.4) (layer B.Fab) (width 0.1))
    (fp_line (start 0.8 0.4) (end 0.8 -0.4) (layer B.Fab) (width 0.1))
    (fp_line (start -0.8 0.4) (end 0.8 0.4) (layer B.Fab) (width 0.1))
    (fp_line (start -0.8 -0.4) (end -0.8 0.4) (layer B.Fab) (width 0.1))
    (pad 2 smd roundrect (at 0.7875 0 225) (size 0.875 0.95) (layers B.Cu B.Paste B.Mask) (roundrect_rratio 0.25)
      (net 8 GNDA))
    (pad 1 smd roundrect (at -0.7875 0 225) (size 0.875 0.95) (layers B.Cu B.Paste B.Mask) (roundrect_rratio 0.25)
      (net 1 /VDD3.3V))
    (model ${KISYS3DMOD}/Capacitor_SMD.3dshapes/C_0603_1608Metric.wrl
      (at (xyz 0 0 0))
      (scale (xyz 1 1 1))
      (rotate (xyz 0 0 0))
    )
  )

  (module Capacitor_SMD:C_0603_1608Metric (layer B.Cu) (tedit 5B301BBE) (tstamp 5E556B6A)
    (at 90.070001 112.23 315)
    (descr "Capacitor SMD 0603 (1608 Metric), square (rectangular) end terminal, IPC_7351 nominal, (Body size source: http://www.tortai-tech.com/upload/download/2011102023233369053.pdf), generated with kicad-footprint-generator")
    (tags capacitor)
    (path /63DEFF92/6150B164)
    (attr smd)
    (fp_text reference C6 (at 2.627825 -0.077782 135) (layer B.SilkS)
      (effects (font (size 1 1) (thickness 0.15)) (justify mirror))
    )
    (fp_text value 0.1u (at 0 -1.43 135) (layer B.Fab)
      (effects (font (size 1 1) (thickness 0.15)) (justify mirror))
    )
    (fp_line (start -0.8 -0.4) (end -0.8 0.4) (layer B.Fab) (width 0.1))
    (fp_line (start -0.8 0.4) (end 0.8 0.4) (layer B.Fab) (width 0.1))
    (fp_line (start 0.8 0.4) (end 0.8 -0.4) (layer B.Fab) (width 0.1))
    (fp_line (start 0.8 -0.4) (end -0.8 -0.4) (layer B.Fab) (width 0.1))
    (fp_line (start -0.162779 0.51) (end 0.162779 0.51) (layer B.SilkS) (width 0.12))
    (fp_line (start -0.162779 -0.51) (end 0.162779 -0.51) (layer B.SilkS) (width 0.12))
    (fp_line (start -1.48 -0.73) (end -1.48 0.73) (layer B.CrtYd) (width 0.05))
    (fp_line (start -1.48 0.73) (end 1.48 0.73) (layer B.CrtYd) (width 0.05))
    (fp_line (start 1.48 0.73) (end 1.48 -0.73) (layer B.CrtYd) (width 0.05))
    (fp_line (start 1.48 -0.73) (end -1.48 -0.73) (layer B.CrtYd) (width 0.05))
    (fp_text user %R (at 0 0 135) (layer B.Fab)
      (effects (font (size 0.4 0.4) (thickness 0.06)) (justify mirror))
    )
    (pad 1 smd roundrect (at -0.7875 0 315) (size 0.875 0.95) (layers B.Cu B.Paste B.Mask) (roundrect_rratio 0.25)
      (net 1 /VDD3.3V))
    (pad 2 smd roundrect (at 0.7875 0 315) (size 0.875 0.95) (layers B.Cu B.Paste B.Mask) (roundrect_rratio 0.25)
      (net 8 GNDA))
    (model ${KISYS3DMOD}/Capacitor_SMD.3dshapes/C_0603_1608Metric.wrl
      (at (xyz 0 0 0))
      (scale (xyz 1 1 1))
      (rotate (xyz 0 0 0))
    )
  )

  (module Capacitor_SMD:C_0603_1608Metric (layer B.Cu) (tedit 5B301BBE) (tstamp 5E556B0A)
    (at 102.21 122.23 135)
    (descr "Capacitor SMD 0603 (1608 Metric), square (rectangular) end terminal, IPC_7351 nominal, (Body size source: http://www.tortai-tech.com/upload/download/2011102023233369053.pdf), generated with kicad-footprint-generator")
    (tags capacitor)
    (path /63DEFF92/615313B7)
    (attr smd)
    (fp_text reference C7 (at 2.531442 0.084853 135) (layer B.SilkS)
      (effects (font (size 1 1) (thickness 0.15)) (justify mirror))
    )
    (fp_text value 0.1u (at 0 -1.43 135) (layer B.Fab)
      (effects (font (size 1 1) (thickness 0.15)) (justify mirror))
    )
    (fp_text user %R (at 0 0 135) (layer B.Fab)
      (effects (font (size 0.4 0.4) (thickness 0.06)) (justify mirror))
    )
    (fp_line (start 1.48 -0.73) (end -1.48 -0.73) (layer B.CrtYd) (width 0.05))
    (fp_line (start 1.48 0.73) (end 1.48 -0.73) (layer B.CrtYd) (width 0.05))
    (fp_line (start -1.48 0.73) (end 1.48 0.73) (layer B.CrtYd) (width 0.05))
    (fp_line (start -1.48 -0.73) (end -1.48 0.73) (layer B.CrtYd) (width 0.05))
    (fp_line (start -0.162779 -0.51) (end 0.162779 -0.51) (layer B.SilkS) (width 0.12))
    (fp_line (start -0.162779 0.51) (end 0.162779 0.51) (layer B.SilkS) (width 0.12))
    (fp_line (start 0.8 -0.4) (end -0.8 -0.4) (layer B.Fab) (width 0.1))
    (fp_line (start 0.8 0.4) (end 0.8 -0.4) (layer B.Fab) (width 0.1))
    (fp_line (start -0.8 0.4) (end 0.8 0.4) (layer B.Fab) (width 0.1))
    (fp_line (start -0.8 -0.4) (end -0.8 0.4) (layer B.Fab) (width 0.1))
    (pad 2 smd roundrect (at 0.7875 0 135) (size 0.875 0.95) (layers B.Cu B.Paste B.Mask) (roundrect_rratio 0.25)
      (net 8 GNDA))
    (pad 1 smd roundrect (at -0.7875 0 135) (size 0.875 0.95) (layers B.Cu B.Paste B.Mask) (roundrect_rratio 0.25)
      (net 2 /VDD1.25V))
    (model ${KISYS3DMOD}/Capacitor_SMD.3dshapes/C_0603_1608Metric.wrl
      (at (xyz 0 0 0))
      (scale (xyz 1 1 1))
      (rotate (xyz 0 0 0))
    )
  )

  (module Capacitor_SMD:C_0603_1608Metric (layer B.Cu) (tedit 5B301BBE) (tstamp 5E556C8D)
    (at 86.493153 115.893153 315)
    (descr "Capacitor SMD 0603 (1608 Metric), square (rectangular) end terminal, IPC_7351 nominal, (Body size source: http://www.tortai-tech.com/upload/download/2011102023233369053.pdf), generated with kicad-footprint-generator")
    (tags capacitor)
    (path /63DEFF92/61481D87)
    (attr smd)
    (fp_text reference C8 (at 2.548196 -0.205061 135) (layer B.SilkS)
      (effects (font (size 1 1) (thickness 0.15)) (justify mirror))
    )
    (fp_text value 0.1u (at 0 -1.43 135) (layer B.Fab)
      (effects (font (size 1 1) (thickness 0.15)) (justify mirror))
    )
